ground 432
16 464
16 432
48 464
48 432
80 464
80 432
112 464
112 432
144 464
144 432
176 464
176 432
208 464
208 432
240 464
240 432
272 464
272 432
304 464
304 432
336 464
336 432
368 464
368 432
400 464
400 432
432 464
432 432
464 464
464 432
496 464
496 432
528 464
528 432
560 464
560 432
592 464
592 432
624 464
624 432
656 464
656 432
688 464
688 432
720 464
720 432
752 464
752 432
784 464
784 432
816 464
816 432
848 464
848 432
880 464
880 432
912 464
912 432
944 464
944 432
976 464
976 432
1008 464
1008 432
1040 464
1040 432
1072 464
1072 432
1104 464
1104 432
1136 464
1136 432
1168 464
1168 432
1200 464
1200 432
1232 464
1232 432
1264 464
1264 432
1296 464
1296 432
1328 464
1328 432
1360 464
1360 432
1392 464
1392 432
1424 464
1424 432
1456 464
1456 432
1488 464
1488 432
1520 464
1520 432
1552 464
1552 432
1584 464
1584 432
1616 464
1616 432
1648 464
1648 432
1680 464
1680 432
1712 464
1712 432
1744 464
1744 432
1776 464
1776 432
1808 464
1808 432
1840 464
1840 432
1872 464
1872 432
1904 464
1904 432
1936 464
1936 432
1968 464
1968 432
2000 464
2000 432
2032 464
2032 432
2064 464
2064 432
2096 464
2096 432
2128 464
2128 432
2160 464
2160 432
2192 464
2192 432
2288 464
2288 432
2320 464
2320 432
2352 464
2352 432
2384 464
2384 432
2416 464
2416 432
2448 464
2448 432
2480 464
2480 432
2512 464
2512 432
2544 464
2544 432
2576 464
2576 432
2608 464
2608 432
2640 464
2640 432
2672 464
2672 432
2704 464
2704 432
2736 464
2736 432
2864 464
2864 432
2896 464
2896 432
2928 464
2928 432
2960 464
2960 432
2992 464
2992 432
3024 464
3024 432
3056 464
3056 432
3088 464
3088 432
3120 464
3120 432
3152 464
3152 432
3184 464
3184 432
3216 464
3216 432
3248 464
3248 432
3280 464
3280 432
3312 464
3312 432
3344 464
3344 432
3376 464
3376 432
3408 464
3408 432
3440 464
3440 432
3472 464
3472 432
3504 464
3504 432
3536 464
3536 432
3568 464
3568 432
3600 464
3600 432
3632 464
3632 432
3664 464
3664 432
3696 464
3696 432
3728 464
3728 432
3760 464
3760 432
3792 464
3792 432
3824 464
3824 432
3856 464
3856 432
3888 464
3888 432
3920 464
3920 432
3952 464
3952 432
3984 464
3984 432
4016 464
4016 432
4048 464
4048 432
4080 464
4080 432
4112 464
4112 432
4144 464
4144 432
4176 464
4176 432
4208 464
4208 432
4240 464
4240 432
4272 464
4272 432
4304 464
4304 432
4336 464
4336 432
4368 464
4368 432
4400 464
4400 432
4432 464
4432 432
4464 464
4464 432
4496 464
4496 432
4528 464
4528 432
4560 464
4560 432
4592 464
4592 432
4624 464
4624 432
4656 464
4656 432
4688 464
4688 432
4720 464
4720 432
4752 464
4752 432
4784 464
4784 432
4816 464
4816 432
4848 464
4848 432
4880 464
4880 432
4976 464
4976 432
5008 464
5008 432
5040 464
5040 432
5072 464
5072 432
5104 464
5104 432
5136 464
5136 432
5168 464
5168 432
5200 464
5200 432
5232 464
5232 432
5264 464
5264 432
5296 464
5296 432
5328 464
5328 432
5360 464
5360 432
5392 464
5392 432
5424 464
5424 432
5456 464
5456 432
5488 464
5488 432
5520 464
5520 432
5552 464
5552 432
5584 464
5584 432
5616 464
5616 432
5648 464
5648 432
5680 464
5680 432
5712 464
5712 432
5744 464
5744 432
5776 464
5776 432
5808 464
5808 432
5840 464
5840 432
5872 464
5872 432
5904 464
5904 432
5936 464
5936 432
5968 464
5968 432
6000 464
6000 432
6032 464
6032 432
6064 464
6064 432
6096 464
6096 432
6128 464
6128 432
6160 464
6160 432
6192 464
6192 432
6224 464
6224 432
6256 464
6256 432
6288 464
6288 432
6320 464
6320 432
6352 464
6352 432
6384 464
6384 432
6416 464
6416 432
6448 464
6448 432
6480 464
6480 432
6512 464
6512 432
6544 464
6544 432
6576 464
6576 432
6608 464
6608 432
6640 464
6640 432
6672 464
6672 432
6704 464
6704 432
6736 464
6736 432
6768 464
6768 432
6800 464
6800 432
6832 464
6832 432
6864 464
6864 432
6896 464
6896 432
6928 464
6928 432
6960 464
6960 432
6992 464
6992 432
7024 464
7024 432
7056 464
7056 432
7088 464
7088 432
7120 464
7120 432
bonus_brick 15
528 288
720 160
752 288
3022 160
3406 288
3502 288
3502 160
3598 288
4178 160
4210 160
5454 288
2064 288
3246 288
688 288
2510 288
brick 45
4302 400
4334 400
4366 400
4398 400
4334 368
4366 368
4398 368
4366 336
4398 336
4398 304
4494 400
4526 400
4558 400
4590 400
4494 368
4526 368
4558 368
4494 336
4526 336
4494 304
4752 400
4784 400
4816 400
4848 400
4880 400
4784 368
4816 368
4848 368
4880 368
4816 336
4848 336
4880 336
4848 304
4880 304
4976 400
5008 400
5040 400
5072 400
4976 368
5008 368
5040 368
4976 336
5008 336
4976 304
6350 400
indestructible_brick 20
656 288
720 288
784 288
2478 288
2542 288
2926 160
2958 160
2990 160
3214 288
3790 288
3886 160
3918 160
3950 160
4146 160
4242 160
4178 288
4210 288
5390 288
5422 288
5486 288
horizontal_pipe 17
928 399
1248 399
1248 367
1504 399
1504 367
1504 335
1856 399
1856 367
1856 335
5248 399
5760 399
928 368
1248 336
1504 304
1856 304
5248 368
5760 368
small_tree 22
80 381
432 381
560 381
782 381
1374 381
1614 381
1966 381
2094 381
2318 381
2910 381
3150 381
3502 381
3628 381
3854 381
4448 381
4686 381
5050 381
5166 381
5390 381
6222 381
6608 381
6702 381
cloud 16
656 72
944 104
1214 72
1838 104
2190 72
2478 104
2750 72
3374 104
3726 72
4014 104
4286 72
4910 104
5262 72
5550 104
5822 72
6446 104
